{
  "advancedEditorSelectedIdentifier" : "ProjectBrowser",
  "openSceneRelativePaths" : [
    "DenModelWood.usda"
  ],
  "recentIdentifiers" : {
    "6367B8DB-91E9-4C8F-A848-0824080EC8DD" : [

    ],
    "359650A1-C17F-400D-91CC-9D8E5F73E1E4" : [

    ],
    "AF09ED6F-1707-48FD-8720-65B998362C09" : [

    ],
    "B3F0C55C-5E84-4BD7-87DB-5DA88D6E4969" : [

    ],
    "B98020C1-DEF1-4428-8FCE-525B8276199D" : [

    ],
    "CA52FEF9-026C-4072-A9CC-5A3337F14C57" : [

    ],
    "D66134B1-3681-4A8E-AFE5-29F257229F3B" : [

    ]
  },
  "sceneCameraHistory" : {
    "6367B8DB-91E9-4C8F-A848-0824080EC8DD" : [
      {
        "date" : 715871907.55754697,
        "title" : "Untitled",
        "transform" : [
          0.99978864192962646,
          -9.5092947405284178e-11,
          -0.020558759570121765,
          0,
          0.0017205907497555017,
          0.99649173021316528,
          0.083673678338527679,
          0,
          0.020486632362008095,
          -0.083691366016864777,
          0.99628108739852905,
          0,
          4.0041089057922363,
          2.4843459129333496,
          3.9218878746032715,
          1
        ]
      },
      {
        "date" : 715871904.46514499,
        "title" : "Untitled",
        "transform" : [
          0.99999946355819702,
          -1.2755957641275018e-06,
          -0.0010392499389126897,
          0,
          -0.0001707355841062963,
          0.98621022701263428,
          -0.16549772024154663,
          0,
          0.0010251299245283008,
          0.1654977947473526,
          0.98620957136154175,
          0,
          4.0041089057922363,
          2.4843459129333496,
          3.9218878746032715,
          1
        ]
      },
      {
        "date" : 715871901.675349,
        "title" : "Untitled",
        "transform" : [
          0.97815299034118652,
          -8.3838935793778546e-09,
          -0.20788612961769104,
          0,
          -0.02872060053050518,
          0.99041056632995605,
          -0.13513720035552979,
          0,
          0.20589263737201691,
          0.1381554901599884,
          0.96877312660217285,
          0,
          4.0041089057922363,
          2.4843459129333496,
          3.9218878746032715,
          1
        ]
      },
      {
        "date" : 715871898.69991899,
        "title" : "Untitled",
        "transform" : [
          0.99984562397003174,
          -3.5725111757756167e-10,
          -0.017570782452821732,
          0,
          -0.0024303544778376818,
          0.99038785696029663,
          -0.13829660415649414,
          0,
          0.017401890829205513,
          0.13831795752048492,
          0.99023503065109253,
          0,
          4.0041089057922363,
          2.4843459129333496,
          3.9218878746032715,
          1
        ]
      },
      {
        "date" : 715871891.10910404,
        "title" : "Untitled",
        "transform" : [
          0.99984562397003174,
          -3.5725111757756167e-10,
          -0.017570782452821732,
          0,
          -0.0024303544778376818,
          0.99038785696029663,
          -0.13829660415649414,
          0,
          0.017401890829205513,
          0.13831795752048492,
          0.99023503065109253,
          0,
          4.0041089057922363,
          2.4843459129333496,
          3.9218878746032715,
          1
        ]
      },
      {
        "date" : 715871859.71851802,
        "title" : "Untitled",
        "transform" : [
          0.99997872114181519,
          -5.9572735633395268e-10,
          0.0065310336649417877,
          0,
          0.0010197132360190153,
          0.98773598670959473,
          -0.1561301052570343,
          0,
          -0.0064509366638958454,
          0.15613344311714172,
          0.98771494626998901,
          0,
          4.0041089057922363,
          2.4843459129333496,
          3.9218878746032715,
          1
        ]
      },
      {
        "date" : 715871856.12140501,
        "title" : "Untitled",
        "transform" : [
          0.99986135959625244,
          -9.2875467316844151e-07,
          0.016654625535011292,
          0,
          0.0026013911701738834,
          0.98773479461669922,
          -0.15611958503723145,
          0,
          -0.016450205817818642,
          0.1561412513256073,
          0.9875977635383606,
          0,
          4.0041089057922363,
          2.4843459129333496,
          3.9218878746032715,
          1
        ]
      },
      {
        "date" : 715871836.98784101,
        "title" : "Untitled",
        "transform" : [
          -0.66601407527923584,
          -3.4606770782374952e-09,
          -0.74593913555145264,
          0,
          0.16858072578907013,
          0.97412782907485962,
          -0.15051782131195068,
          0,
          0.72664004564285278,
          -0.22599793970584869,
          -0.64878278970718384,
          0,
          4.0041089057922363,
          2.4843459129333496,
          3.9218878746032715,
          1
        ]
      },
      {
        "date" : 715871834.95462,
        "title" : "Untitled",
        "transform" : [
          -0.66601401567459106,
          2.9644371579706785e-07,
          -0.74593919515609741,
          0,
          0.16858091950416565,
          0.97412770986557007,
          -0.15051758289337158,
          0,
          0.72664004564285278,
          -0.22599793970584869,
          -0.64878278970718384,
          0,
          4.0041089057922363,
          2.4843459129333496,
          3.9218878746032715,
          1
        ]
      },
      {
        "date" : 715871828.60500896,
        "title" : "Untitled",
        "transform" : [
          -0.66601306200027466,
          5.9107887864229269e-06,
          -0.74594008922576904,
          0,
          0.16858476400375366,
          0.97412782907485962,
          -0.15051329135894775,
          0,
          0.72664004564285278,
          -0.22599793970584869,
          -0.64878278970718384,
          0,
          4.0041089057922363,
          2.4843459129333496,
          3.9218878746032715,
          1
        ]
      }
    ],
    "359650A1-C17F-400D-91CC-9D8E5F73E1E4" : [
      {
        "date" : 715788343.90959895,
        "title" : "Untitled",
        "transform" : [
          0.90387499332427979,
          3.9977234855825827e-09,
          -0.42779657244682312,
          0,
          -0.10990490764379501,
          0.96643549203872681,
          -0.23221386969089508,
          0,
          0.41343781352043152,
          0.25690928101539612,
          0.87353694438934326,
          0,
          5.8851041793823242,
          4.1908411979675293,
          9.4944686889648438,
          1
        ]
      },
      {
        "date" : 715788336.37187397,
        "title" : "Untitled",
        "transform" : [
          0.90387499332427979,
          3.9977234855825827e-09,
          -0.42779657244682312,
          0,
          -0.10990490764379501,
          0.96643549203872681,
          -0.23221386969089508,
          0,
          0.41343781352043152,
          0.25690928101539612,
          0.87353694438934326,
          0,
          2.4322550296783447,
          2.0452432632446289,
          2.1990783214569092,
          1
        ]
      },
      {
        "date" : 715787315.04824805,
        "title" : "Untitled",
        "transform" : [
          0.90387499332427979,
          3.9977234855825827e-09,
          -0.42779657244682312,
          0,
          -0.10990490764379501,
          0.96643549203872681,
          -0.23221386969089508,
          0,
          0.41343781352043152,
          0.25690928101539612,
          0.87353694438934326,
          0,
          4.1957716941833496,
          3.1410911083221436,
          5.9251413345336914,
          1
        ]
      },
      {
        "date" : 715787289.99906504,
        "title" : "Untitled",
        "transform" : [
          0.86497730016708374,
          -2.829001921611507e-09,
          -0.50181084871292114,
          0,
          -0.065006926655769348,
          0.99157357215881348,
          -0.11205324530601501,
          0,
          0.49758240580558777,
          0.1295446902513504,
          0.85768872499465942,
          0,
          4.1906495094299316,
          3.1397576332092285,
          5.9163117408752441,
          1
        ]
      },
      {
        "date" : 715787271.29621506,
        "title" : "Untitled",
        "transform" : [
          0.86497730016708374,
          -2.829001921611507e-09,
          -0.50181084871292114,
          0,
          -0.065006926655769348,
          0.99157357215881348,
          -0.11205324530601501,
          0,
          0.49758240580558777,
          0.1295446902513504,
          0.85768872499465942,
          0,
          10.438384056091309,
          7.8207411766052246,
          14.736793518066406,
          1
        ]
      },
      {
        "date" : 715787264.47135901,
        "title" : "Untitled",
        "transform" : [
          0.99932616949081421,
          1.2585124053998697e-09,
          0.036703310906887054,
          0,
          0.00070304545806720853,
          0.99981653690338135,
          -0.019141595810651779,
          0,
          -0.036696594208478928,
          0.019154487177729607,
          0.99914288520812988,
          0,
          1.7940295934677124,
          11.693593978881836,
          14.368987083435059,
          1
        ]
      },
      {
        "date" : 715787255.68163502,
        "title" : "Untitled",
        "transform" : [
          -0.9204171895980835,
          -0.0010053598089143634,
          -0.39093613624572754,
          0,
          -0.36786255240440369,
          0.34070122241973877,
          0.86521661281585693,
          0,
          0.1323225349187851,
          0.94017106294631958,
          -0.31395700573921204,
          0,
          3.3453168869018555,
          8.9479885101318359,
          0.91189026832580566,
          1
        ]
      },
      {
        "date" : 715787247.87749398,
        "title" : "Untitled",
        "transform" : [
          -0.9204171895980835,
          -0.0010053598089143634,
          -0.39093613624572754,
          0,
          -0.36786255240440369,
          0.34070122241973877,
          0.86521661281585693,
          0,
          0.1323225349187851,
          0.94017106294631958,
          -0.31395700573921204,
          0,
          4.3149657249450684,
          8.9340276718139648,
          1.2787554264068604,
          1
        ]
      },
      {
        "date" : 715787241.06402504,
        "title" : "Untitled",
        "transform" : [
          -0.91711729764938354,
          -0.0010053457226604223,
          -0.39861610531806946,
          0,
          -0.18377490341663361,
          0.88844770193099976,
          0.42057979106903076,
          0,
          0.35372674465179443,
          0.45897671580314636,
          -0.81499552726745605,
          0,
          6.237330436706543,
          4.3034505844116211,
          -2.8954119682312012,
          1
        ]
      },
      {
        "date" : 715787209.46239805,
        "title" : "Untitled",
        "transform" : [
          -0.91711729764938354,
          -0.0010053457226604223,
          -0.39861610531806946,
          0,
          -0.18377490341663361,
          0.88844770193099976,
          0.42057979106903076,
          0,
          0.35372674465179443,
          0.45897671580314636,
          -0.81499552726745605,
          0,
          4.483062744140625,
          4.2385787963867188,
          -3.6933364868164062,
          1
        ]
      }
    ],
    "AF09ED6F-1707-48FD-8720-65B998362C09" : [
      {
        "date" : 715227358.24013901,
        "title" : "Untitled",
        "transform" : [
          1,
          0,
          0,
          0,
          0,
          0.86602449417114258,
          -0.50000160932540894,
          0,
          0,
          0.50000160932540894,
          0.86602449417114258,
          0,
          0,
          3.3761465549468994,
          3.7303223609924316,
          1
        ]
      },
      {
        "date" : 715227292.93272305,
        "title" : "Untitled",
        "transform" : [
          1,
          0,
          0,
          0,
          0,
          0.86602449417114258,
          -0.50000160932540894,
          0,
          0,
          0.50000160932540894,
          0.86602449417114258,
          0,
          0,
          3.4899165630340576,
          3.9273767471313477,
          1
        ]
      },
      {
        "date" : 715223526.60596704,
        "title" : "Untitled",
        "transform" : [
          1,
          0,
          0,
          0,
          0,
          0.86602449417114258,
          -0.50000160932540894,
          0,
          0,
          0.50000160932540894,
          0.86602449417114258,
          0,
          0,
          3.9387702941894531,
          4.704810619354248,
          1
        ]
      }
    ],
    "B3F0C55C-5E84-4BD7-87DB-5DA88D6E4969" : [
      {
        "date" : 715786706.77516103,
        "title" : "Untitled",
        "transform" : [
          0.98211842775344849,
          1.0213694778826721e-08,
          -0.18826425075531006,
          0,
          -0.059496723115444183,
          0.94874989986419678,
          -0.3103766143321991,
          0,
          0.17861579358577728,
          0.31602773070335388,
          0.93178474903106689,
          0,
          1.0216495990753174,
          1.4290716648101807,
          5.3296403884887695,
          1
        ]
      },
      {
        "date" : 715255272.30508304,
        "title" : "Untitled",
        "transform" : [
          0.98211842775344849,
          1.0213694778826721e-08,
          -0.18826425075531006,
          0,
          -0.059496723115444183,
          0.94874989986419678,
          -0.3103766143321991,
          0,
          0.17861579358577728,
          0.31602773070335388,
          0.93178474903106689,
          0,
          0.55592823028564453,
          0.7776261568069458,
          2.9001109600067139,
          1
        ]
      },
      {
        "date" : 715251822.68798494,
        "title" : "Untitled",
        "transform" : [
          0.98616492748260498,
          1.0416183471306795e-08,
          -0.16576717793941498,
          0,
          -0.05805249884724617,
          0.93667304515838623,
          -0.34535989165306091,
          0,
          0.15526974201202393,
          0.35020506381988525,
          0.9237140417098999,
          0,
          0.48450291156768799,
          0.884135901927948,
          2.8823535442352295,
          1
        ]
      },
      {
        "date" : 715251815.13318098,
        "title" : "Untitled",
        "transform" : [
          0.29487091302871704,
          9.9910586470741691e-09,
          -0.95553696155548096,
          0,
          -0.51330792903900146,
          0.84345930814743042,
          -0.15840266644954681,
          0,
          0.80595660209655762,
          0.53719311952590942,
          0.24871155619621277,
          0,
          2.5563302040100098,
          1.4721665382385254,
          0.78886264562606812,
          1
        ]
      },
      {
        "date" : 715228860.97744906,
        "title" : "Untitled",
        "transform" : [
          -0.19221235811710358,
          -5.2984283627210971e-11,
          -0.98135334253311157,
          0,
          -0.69747436046600342,
          0.70346790552139282,
          0.13661050796508789,
          0,
          0.69035059213638306,
          0.7107270359992981,
          -0.13521522283554077,
          0,
          2.2400326728820801,
          2.0283401012420654,
          -0.43874302506446838,
          1
        ]
      },
      {
        "date" : 715228416.36505604,
        "title" : "Untitled",
        "transform" : [
          1,
          0,
          0,
          0,
          0,
          0.86099094152450562,
          -0.50862026214599609,
          0,
          0,
          0.50862026214599609,
          0.86099094152450562,
          0,
          0,
          1.3816696405410767,
          2.7231221199035645,
          1
        ]
      }
    ],
    "B98020C1-DEF1-4428-8FCE-525B8276199D" : [
      {
        "date" : 715786564.79944003,
        "title" : "Untitled",
        "transform" : [
          0.99999022483825684,
          -7.2501384238421451e-06,
          0.0044148834422230721,
          0,
          -0.0039803418330848217,
          0.43114745616912842,
          0.90227276086807251,
          0,
          -0.0019100070931017399,
          -0.90228146314620972,
          0.43114319443702698,
          0,
          -0.27666610479354858,
          -10.287306785583496,
          6.7713971138000488,
          1
        ]
      },
      {
        "date" : 715786558.26094997,
        "title" : "Untitled",
        "transform" : [
          0.99999022483825684,
          -7.2501384238421451e-06,
          0.0044148834422230721,
          0,
          -0.0039803418330848217,
          0.43114745616912842,
          0.90227276086807251,
          0,
          -0.0019100070931017399,
          -0.90228146314620972,
          0.43114319443702698,
          0,
          -0.27499184012413025,
          -9.4964256286621094,
          6.3934831619262695,
          1
        ]
      },
      {
        "date" : 715786555.64543605,
        "title" : "Untitled",
        "transform" : [
          0.99999022483825684,
          -7.2501384238421451e-06,
          0.0044148834422230721,
          0,
          -0.0039803418330848217,
          0.43114745616912842,
          0.90227276086807251,
          0,
          -0.0019100070931017399,
          -0.90228146314620972,
          0.43114319443702698,
          0,
          0.83876979351043701,
          -9.5172834396362305,
          6.3547677993774414,
          1
        ]
      },
      {
        "date" : 715786549.33378804,
        "title" : "Untitled",
        "transform" : [
          0.99999022483825684,
          -7.2501384238421451e-06,
          0.0044148834422230721,
          0,
          -0.0039803418330848217,
          0.43114745616912842,
          0.90227276086807251,
          0,
          -0.0019100070931017399,
          -0.90228146314620972,
          0.43114319443702698,
          0,
          0.52765560150146484,
          -2.8311693668365479,
          1.9457993507385254,
          1
        ]
      },
      {
        "date" : 715786532.66536295,
        "title" : "Untitled",
        "transform" : [
          0.99999022483825684,
          -7.2501384238421451e-06,
          0.0044148834422230721,
          0,
          -0.0039803418330848217,
          0.43114745616912842,
          0.90227276086807251,
          0,
          -0.0019100070931017399,
          -0.90228146314620972,
          0.43114319443702698,
          0,
          1.2541975975036621,
          -2.8242895603179932,
          1.9634151458740234,
          1
        ]
      },
      {
        "date" : 715786523.58371902,
        "title" : "Untitled",
        "transform" : [
          0.99999022483825684,
          -7.2501384238421451e-06,
          0.0044148834422230721,
          0,
          -0.0039803418330848217,
          0.43114745616912842,
          0.90227276086807251,
          0,
          -0.0019100070931017399,
          -0.90228146314620972,
          0.43114319443702698,
          0,
          0.089634835720062256,
          -2.9011902809143066,
          1.7973220348358154,
          1
        ]
      },
      {
        "date" : 715786515.92439604,
        "title" : "Untitled",
        "transform" : [
          0.99998903274536133,
          -1.7890563412947813e-06,
          0.0046927244402468204,
          0,
          -0.0044844448566436768,
          0.29424923658370972,
          0.95571815967559814,
          0,
          -0.0013825404457747936,
          -0.95572870969772339,
          0.29424598813056946,
          0,
          0.34629911184310913,
          -2.9011952877044678,
          1.7985117435455322,
          1
        ]
      },
      {
        "date" : 715786513.79475999,
        "title" : "Untitled",
        "transform" : [
          0.99998903274536133,
          -1.7890563412947813e-06,
          0.0046927244402468204,
          0,
          -0.0044844448566436768,
          0.29424923658370972,
          0.95571815967559814,
          0,
          -0.0013825404457747936,
          -0.95572870969772339,
          0.29424598813056946,
          0,
          0.24255627393722534,
          -8.9670429229736328,
          5.3939743041992188,
          1
        ]
      },
      {
        "date" : 715786502.25865805,
        "title" : "Untitled",
        "transform" : [
          0.99998903274536133,
          -1.7890563412947813e-06,
          0.0046927244402468204,
          0,
          -0.0044844448566436768,
          0.29424923658370972,
          0.95571815967559814,
          0,
          -0.0013825404457747936,
          -0.95572870969772339,
          0.29424598813056946,
          0,
          0.069045811891555786,
          -6.5238380432128906,
          3.7305920124053955,
          1
        ]
      },
      {
        "date" : 715786494.53248799,
        "title" : "Untitled",
        "transform" : [
          0.99996680021286011,
          -0.0018744186963886023,
          -0.0079221175983548164,
          0,
          0.0081086186692118645,
          0.31583473086357117,
          0.94877958297729492,
          0,
          0.00072366953827440739,
          -0.94881230592727661,
          0.31583943963050842,
          0,
          0.069045811891555786,
          -6.5238380432128906,
          3.7305920124053955,
          1
        ]
      }
    ],
    "CA52FEF9-026C-4072-A9CC-5A3337F14C57" : [
      {
        "date" : 715770986.92777097,
        "title" : "Untitled",
        "transform" : [
          -0.9991113543510437,
          -0.0021462666336447001,
          -0.042092733085155487,
          0,
          -0.041543122380971909,
          0.21865037083625793,
          0.97491848468780518,
          0,
          0.0071111633442342281,
          0.97580081224441528,
          -0.21854521334171295,
          0,
          15.750459671020508,
          17.188192367553711,
          -10.468646049499512,
          1
        ]
      },
      {
        "date" : 715770976.68945503,
        "title" : "Untitled",
        "transform" : [
          0.92826485633850098,
          -0.002146267332136631,
          -0.37191411852836609,
          0,
          -0.37161877751350403,
          0.034902099519968033,
          -0.92772912979125977,
          0,
          0.014971718192100525,
          0.99938845634460449,
          0.031600769609212875,
          0,
          -11.306454658508301,
          18.9454345703125,
          12.897214889526367,
          1
        ]
      },
      {
        "date" : 715590739.20808303,
        "title" : "Untitled",
        "transform" : [
          0.99016481637954712,
          7.3022476954065496e-09,
          -0.13990595936775208,
          0,
          0.082010827958583832,
          0.81017708778381348,
          0.58042001724243164,
          0,
          0.1133485808968544,
          -0.58618521690368652,
          0.80220878124237061,
          0,
          2.1656341552734375,
          -18.924459457397461,
          17.021266937255859,
          1
        ]
      },
      {
        "date" : 715590708.75859201,
        "title" : "Untitled",
        "transform" : [
          0.99016481637954712,
          7.3022476954065496e-09,
          -0.13990595936775208,
          0,
          0.082010827958583832,
          0.81017708778381348,
          0.58042001724243164,
          0,
          0.1133485808968544,
          -0.58618521690368652,
          0.80220878124237061,
          0,
          3.1116828918457031,
          -19.727745056152344,
          17.715906143188477,
          1
        ]
      },
      {
        "date" : 715590698.00615799,
        "title" : "Untitled",
        "transform" : [
          0.99016469717025757,
          7.3022468072281299e-09,
          -0.13990594446659088,
          0,
          0.082010827958583832,
          0.81017708778381348,
          0.58042001724243164,
          0,
          0.1133485808968544,
          -0.58618521690368652,
          0.80220878124237061,
          0,
          3.1309123039245605,
          -19.727745056152344,
          17.713190078735352,
          1
        ]
      },
      {
        "date" : 715590684.47412097,
        "title" : "Untitled",
        "transform" : [
          0.92959892749786377,
          8.2432007886268366e-09,
          -0.36857262253761292,
          0,
          0.27293631434440613,
          0.67203176021575928,
          0.68838882446289062,
          0,
          0.24769249558448792,
          -0.74052232503890991,
          0.62471997737884521,
          0,
          4.9558544158935547,
          -22.060415267944336,
          14.254550933837891,
          1
        ]
      },
      {
        "date" : 715590674.21120501,
        "title" : "Untitled",
        "transform" : [
          0.89235115051269531,
          3.7985850021016176e-09,
          -0.4513416588306427,
          0,
          0.40701583027839661,
          0.43217259645462036,
          0.80471420288085938,
          0,
          0.19505751132965088,
          -0.90179091691970825,
          0.38564971089363098,
          0,
          3.3117141723632812,
          -23.997028350830078,
          9.1347122192382812,
          1
        ]
      },
      {
        "date" : 715590668.32956505,
        "title" : "Untitled",
        "transform" : [
          0.99535685777664185,
          2.9826816572153803e-09,
          0.096253156661987305,
          0,
          -0.082028023898601532,
          0.52319818735122681,
          0.84825420379638672,
          0,
          -0.050359457731246948,
          -0.8522111177444458,
          0.52076888084411621,
          0,
          1.0295310020446777,
          -23.555887222290039,
          9.8129739761352539,
          1
        ]
      },
      {
        "date" : 715590658.99966097,
        "title" : "Untitled",
        "transform" : [
          0.99496370553970337,
          3.2589511089753387e-09,
          0.10023584961891174,
          0,
          -0.08884158730506897,
          0.46306306123733521,
          0.88186162710189819,
          0,
          -0.046415511518716812,
          -0.88632535934448242,
          0.4607309103012085,
          0,
          1.1459271907806396,
          -23.89508056640625,
          8.4342174530029297,
          1
        ]
      },
      {
        "date" : 715590649.55848205,
        "title" : "Untitled",
        "transform" : [
          0.99653768539428711,
          -6.4359312323958306e-10,
          0.083142578601837158,
          0,
          0.00032079726224765182,
          0.99999260902404785,
          -0.003845032537356019,
          0,
          -0.083141952753067017,
          0.0038583914283663034,
          0.99653023481369019,
          0,
          -0.073929145932197571,
          -9.3121938705444336,
          23.925399780273438,
          1
        ]
      }
    ],
    "D66134B1-3681-4A8E-AFE5-29F257229F3B" : [
      {
        "date" : 715772141.32568097,
        "title" : "Untitled",
        "transform" : [
          -0.99207174777984619,
          1.256343473698962e-09,
          -0.12567311525344849,
          0,
          -0.031025664880871773,
          0.96904712915420532,
          0.24491861462593079,
          0,
          0.12178316712379456,
          0.24687591195106506,
          -0.96136420965194702,
          0,
          0.049151148647069931,
          0.14803557097911835,
          -0.47028583288192749,
          1
        ]
      },
      {
        "date" : 715771202.50984097,
        "title" : "Untitled",
        "transform" : [
          -0.98019611835479736,
          -3.3512057573403808e-09,
          -0.19802883267402649,
          0,
          -0.037303455173969269,
          0.98209744691848755,
          0.18464317917823792,
          0,
          0.19448365271091461,
          0.18837372958660126,
          -0.96264815330505371,
          0,
          -1.590611457824707,
          1.0020351409912109,
          -4.8484563827514648,
          1
        ]
      },
      {
        "date" : 715771164.42348504,
        "title" : "Untitled",
        "transform" : [
          -0.98019611835479736,
          -3.3512057573403808e-09,
          -0.19802883267402649,
          0,
          -0.037303455173969269,
          0.98209744691848755,
          0.18464317917823792,
          0,
          0.19448365271091461,
          0.18837372958660126,
          -0.96264815330505371,
          0,
          -2.0101692676544189,
          0.4941444993019104,
          -3.3551299571990967,
          1
        ]
      },
      {
        "date" : 715771162.16463399,
        "title" : "Untitled",
        "transform" : [
          -0.98019611835479736,
          -3.3512057573403808e-09,
          -0.19802883267402649,
          0,
          -0.037303455173969269,
          0.98209744691848755,
          0.18464317917823792,
          0,
          0.19448365271091461,
          0.18837372958660126,
          -0.96264815330505371,
          0,
          -1.6059085130691528,
          0.3947681188583374,
          -2.680387020111084,
          1
        ]
      },
      {
        "date" : 715771158.24338901,
        "title" : "Untitled",
        "transform" : [
          -0.98019611835479736,
          -3.3512057573403808e-09,
          -0.19802883267402649,
          0,
          -0.037303455173969269,
          0.98209744691848755,
          0.18464317917823792,
          0,
          0.19448365271091461,
          0.18837372958660126,
          -0.96264815330505371,
          0,
          -0.60646408796310425,
          0.14908240735530853,
          -1.0122363567352295,
          1
        ]
      },
      {
        "date" : 715771148.693645,
        "title" : "Untitled",
        "transform" : [
          -0.98019611835479736,
          -3.3512057573403808e-09,
          -0.19802883267402649,
          0,
          -0.037303455173969269,
          0.98209744691848755,
          0.18464317917823792,
          0,
          0.19448365271091461,
          0.18837372958660126,
          -0.96264815330505371,
          0,
          -0.60646408796310425,
          0.14908240735530853,
          -1.0122363567352295,
          1
        ]
      },
      {
        "date" : 715259287.75892794,
        "title" : "Untitled",
        "transform" : [
          -0.98019611835479736,
          -3.3512057573403808e-09,
          -0.19802883267402649,
          0,
          -0.037303455173969269,
          0.98209744691848755,
          0.18464317917823792,
          0,
          0.19448365271091461,
          0.18837372958660126,
          -0.96264815330505371,
          0,
          -0.24365091323852539,
          0.0598948635160923,
          -0.40667277574539185,
          1
        ]
      },
      {
        "date" : 715259278.66271603,
        "title" : "Untitled",
        "transform" : [
          0.62504184246063232,
          -3.043947760517085e-09,
          -0.78059124946594238,
          0,
          -0.20520707964897156,
          0.96482670307159424,
          -0.16431523859500885,
          0,
          0.75313526391983032,
          0.26288676261901855,
          0.60305708646774292,
          0,
          0.43269988894462585,
          0.087118938565254211,
          -0.0060096271336078644,
          1
        ]
      },
      {
        "date" : 715259269.55419099,
        "title" : "Untitled",
        "transform" : [
          0.9986538290977478,
          -5.6302984496880981e-09,
          0.051867831498384476,
          0,
          0.0034430690575391054,
          0.99779421091079712,
          -0.066292963922023773,
          0,
          -0.05175333097577095,
          0.06638229638338089,
          0.99645113945007324,
          0,
          -0.001799294725060463,
          0.032687105238437653,
          0.44433391094207764,
          1
        ]
      },
      {
        "date" : 715259263.25533998,
        "title" : "Untitled",
        "transform" : [
          0.99360936880111694,
          -5.388240076342754e-09,
          0.11287321150302887,
          0,
          0.0031884070485830307,
          0.99960088729858398,
          -0.028067504987120628,
          0,
          -0.11282807588577271,
          0.028247993439435959,
          0.99321287870407104,
          0,
          -0.030360106378793716,
          0.014954309910535812,
          0.44476911425590515,
          1
        ]
      }
    ]
  },
  "selectedSceneRelativePath" : "DenModelWood.usda"
}