{
  "advancedEditorSelectedIdentifier" : "ProjectBrowser",
  "openSceneRelativePaths" : [
    "DenModelWood.usda",
    "tatami-room.usda"
  ],
  "recentIdentifiers" : {
    "6367B8DB-91E9-4C8F-A848-0824080EC8DD" : [

    ],
    "359650A1-C17F-400D-91CC-9D8E5F73E1E4" : [

    ],
    "AF09ED6F-1707-48FD-8720-65B998362C09" : [

    ],
    "B3F0C55C-5E84-4BD7-87DB-5DA88D6E4969" : [

    ],
    "B98020C1-DEF1-4428-8FCE-525B8276199D" : [

    ],
    "CA52FEF9-026C-4072-A9CC-5A3337F14C57" : [

    ],
    "D66134B1-3681-4A8E-AFE5-29F257229F3B" : [

    ],
    "E9FAD291-AFC4-4F61-93DC-B379F4BB7146" : [

    ]
  },
  "sceneCameraHistory" : {
    "6367B8DB-91E9-4C8F-A848-0824080EC8DD" : [
      {
        "date" : 715871907.557547,
        "title" : "Untitled",
        "transform" : [
          0.99978864,
          -9.509295e-11,
          -0.02055876,
          0,
          0.0017205907,
          0.99649173,
          0.08367368,
          0,
          0.020486632,
          -0.083691366,
          0.9962811,
          0,
          4.004109,
          2.484346,
          3.9218879,
          1
        ]
      },
      {
        "date" : 715871904.465145,
        "title" : "Untitled",
        "transform" : [
          0.99999946,
          -1.2755958e-06,
          -0.0010392499,
          0,
          -0.00017073558,
          0.9862102,
          -0.16549772,
          0,
          0.0010251299,
          0.1654978,
          0.9862096,
          0,
          4.004109,
          2.484346,
          3.9218879,
          1
        ]
      },
      {
        "date" : 715871901.675349,
        "title" : "Untitled",
        "transform" : [
          0.978153,
          -8.383894e-09,
          -0.20788613,
          0,
          -0.0287206,
          0.99041057,
          -0.1351372,
          0,
          0.20589264,
          0.13815549,
          0.9687731,
          0,
          4.004109,
          2.484346,
          3.9218879,
          1
        ]
      },
      {
        "date" : 715871898.699919,
        "title" : "Untitled",
        "transform" : [
          0.9998456,
          -3.5725112e-10,
          -0.017570782,
          0,
          -0.0024303545,
          0.99038786,
          -0.1382966,
          0,
          0.01740189,
          0.13831796,
          0.99023503,
          0,
          4.004109,
          2.484346,
          3.9218879,
          1
        ]
      },
      {
        "date" : 715871891.109104,
        "title" : "Untitled",
        "transform" : [
          0.9998456,
          -3.5725112e-10,
          -0.017570782,
          0,
          -0.0024303545,
          0.99038786,
          -0.1382966,
          0,
          0.01740189,
          0.13831796,
          0.99023503,
          0,
          4.004109,
          2.484346,
          3.9218879,
          1
        ]
      },
      {
        "date" : 715871859.718518,
        "title" : "Untitled",
        "transform" : [
          0.9999787,
          -5.9572736e-10,
          0.0065310337,
          0,
          0.0010197132,
          0.987736,
          -0.1561301,
          0,
          -0.0064509367,
          0.15613344,
          0.98771495,
          0,
          4.004109,
          2.484346,
          3.9218879,
          1
        ]
      },
      {
        "date" : 715871856.121405,
        "title" : "Untitled",
        "transform" : [
          0.99986136,
          -9.287547e-07,
          0.016654626,
          0,
          0.0026013912,
          0.9877348,
          -0.15611959,
          0,
          -0.016450206,
          0.15614125,
          0.98759776,
          0,
          4.004109,
          2.484346,
          3.9218879,
          1
        ]
      },
      {
        "date" : 715871836.987841,
        "title" : "Untitled",
        "transform" : [
          -0.6660141,
          -3.460677e-09,
          -0.74593914,
          0,
          0.16858073,
          0.9741278,
          -0.15051782,
          0,
          0.72664005,
          -0.22599794,
          -0.6487828,
          0,
          4.004109,
          2.484346,
          3.9218879,
          1
        ]
      },
      {
        "date" : 715871834.95462,
        "title" : "Untitled",
        "transform" : [
          -0.666014,
          2.9644372e-07,
          -0.7459392,
          0,
          0.16858092,
          0.9741277,
          -0.15051758,
          0,
          0.72664005,
          -0.22599794,
          -0.6487828,
          0,
          4.004109,
          2.484346,
          3.9218879,
          1
        ]
      },
      {
        "date" : 715871828.605009,
        "title" : "Untitled",
        "transform" : [
          -0.66601306,
          5.910789e-06,
          -0.7459401,
          0,
          0.16858476,
          0.9741278,
          -0.15051329,
          0,
          0.72664005,
          -0.22599794,
          -0.6487828,
          0,
          4.004109,
          2.484346,
          3.9218879,
          1
        ]
      }
    ],
    "359650A1-C17F-400D-91CC-9D8E5F73E1E4" : [
      {
        "date" : 715788343.909599,
        "title" : "Untitled",
        "transform" : [
          0.903875,
          3.9977235e-09,
          -0.42779657,
          0,
          -0.10990491,
          0.9664355,
          -0.23221387,
          0,
          0.4134378,
          0.25690928,
          0.87353694,
          0,
          5.885104,
          4.190841,
          9.494469,
          1
        ]
      },
      {
        "date" : 715788336.371874,
        "title" : "Untitled",
        "transform" : [
          0.903875,
          3.9977235e-09,
          -0.42779657,
          0,
          -0.10990491,
          0.9664355,
          -0.23221387,
          0,
          0.4134378,
          0.25690928,
          0.87353694,
          0,
          2.432255,
          2.0452433,
          2.1990783,
          1
        ]
      },
      {
        "date" : 715787315.048248,
        "title" : "Untitled",
        "transform" : [
          0.903875,
          3.9977235e-09,
          -0.42779657,
          0,
          -0.10990491,
          0.9664355,
          -0.23221387,
          0,
          0.4134378,
          0.25690928,
          0.87353694,
          0,
          4.1957717,
          3.141091,
          5.9251413,
          1
        ]
      },
      {
        "date" : 715787289.999065,
        "title" : "Untitled",
        "transform" : [
          0.8649773,
          -2.829002e-09,
          -0.50181085,
          0,
          -0.06500693,
          0.9915736,
          -0.112053245,
          0,
          0.4975824,
          0.12954469,
          0.8576887,
          0,
          4.1906495,
          3.1397576,
          5.9163117,
          1
        ]
      },
      {
        "date" : 715787271.296215,
        "title" : "Untitled",
        "transform" : [
          0.8649773,
          -2.829002e-09,
          -0.50181085,
          0,
          -0.06500693,
          0.9915736,
          -0.112053245,
          0,
          0.4975824,
          0.12954469,
          0.8576887,
          0,
          10.438384,
          7.820741,
          14.7367935,
          1
        ]
      },
      {
        "date" : 715787264.471359,
        "title" : "Untitled",
        "transform" : [
          0.99932617,
          1.2585124e-09,
          0.03670331,
          0,
          0.00070304546,
          0.99981654,
          -0.019141596,
          0,
          -0.036696594,
          0.019154487,
          0.9991429,
          0,
          1.7940296,
          11.693594,
          14.368987,
          1
        ]
      },
      {
        "date" : 715787255.681635,
        "title" : "Untitled",
        "transform" : [
          -0.9204172,
          -0.0010053598,
          -0.39093614,
          0,
          -0.36786255,
          0.34070122,
          0.8652166,
          0,
          0.13232253,
          0.94017106,
          -0.313957,
          0,
          3.345317,
          8.9479885,
          0.91189027,
          1
        ]
      },
      {
        "date" : 715787247.877494,
        "title" : "Untitled",
        "transform" : [
          -0.9204172,
          -0.0010053598,
          -0.39093614,
          0,
          -0.36786255,
          0.34070122,
          0.8652166,
          0,
          0.13232253,
          0.94017106,
          -0.313957,
          0,
          4.3149657,
          8.934028,
          1.2787554,
          1
        ]
      },
      {
        "date" : 715787241.064025,
        "title" : "Untitled",
        "transform" : [
          -0.9171173,
          -0.0010053457,
          -0.3986161,
          0,
          -0.1837749,
          0.8884477,
          0.4205798,
          0,
          0.35372674,
          0.45897672,
          -0.8149955,
          0,
          6.2373304,
          4.3034506,
          -2.895412,
          1
        ]
      },
      {
        "date" : 715787209.462398,
        "title" : "Untitled",
        "transform" : [
          -0.9171173,
          -0.0010053457,
          -0.3986161,
          0,
          -0.1837749,
          0.8884477,
          0.4205798,
          0,
          0.35372674,
          0.45897672,
          -0.8149955,
          0,
          4.4830627,
          4.238579,
          -3.6933365,
          1
        ]
      }
    ],
    "97904042-50B9-4C86-A77E-5A6D9D44338C" : [
      {
        "date" : 722393533.45564,
        "title" : "Untitled",
        "transform" : [
          0.99999213,
          1.7174928e-08,
          -0.003975262,
          0,
          -0.0009709007,
          0.96971464,
          -0.24423899,
          0,
          0.0038548135,
          0.24424091,
          0.9697069,
          0,
          2.6892245,
          7.803613,
          30.656986,
          1
        ]
      },
      {
        "date" : 716742066.93849,
        "title" : "Untitled",
        "transform" : [
          1,
          0,
          -0,
          0,
          -0,
          0.8655753,
          -0.50077873,
          0,
          0,
          0.50077873,
          0.8655753,
          0,
          4.0030847,
          24.813162,
          42.648663,
          1
        ]
      }
    ],
    "AF09ED6F-1707-48FD-8720-65B998362C09" : [
      {
        "date" : 715227358.240139,
        "title" : "Untitled",
        "transform" : [
          1,
          0,
          0,
          0,
          0,
          0.8660245,
          -0.5000016,
          0,
          0,
          0.5000016,
          0.8660245,
          0,
          0,
          3.3761466,
          3.7303224,
          1
        ]
      },
      {
        "date" : 715227292.932723,
        "title" : "Untitled",
        "transform" : [
          1,
          0,
          0,
          0,
          0,
          0.8660245,
          -0.5000016,
          0,
          0,
          0.5000016,
          0.8660245,
          0,
          0,
          3.4899166,
          3.9273767,
          1
        ]
      },
      {
        "date" : 715223526.605967,
        "title" : "Untitled",
        "transform" : [
          1,
          0,
          0,
          0,
          0,
          0.8660245,
          -0.5000016,
          0,
          0,
          0.5000016,
          0.8660245,
          0,
          0,
          3.9387703,
          4.7048106,
          1
        ]
      }
    ],
    "B3F0C55C-5E84-4BD7-87DB-5DA88D6E4969" : [
      {
        "date" : 715786706.775161,
        "title" : "Untitled",
        "transform" : [
          0.9821184,
          1.0213695e-08,
          -0.18826425,
          0,
          -0.059496723,
          0.9487499,
          -0.3103766,
          0,
          0.1786158,
          0.31602773,
          0.93178475,
          0,
          1.0216496,
          1.4290717,
          5.3296404,
          1
        ]
      },
      {
        "date" : 715255272.305083,
        "title" : "Untitled",
        "transform" : [
          0.9821184,
          1.0213695e-08,
          -0.18826425,
          0,
          -0.059496723,
          0.9487499,
          -0.3103766,
          0,
          0.1786158,
          0.31602773,
          0.93178475,
          0,
          0.55592823,
          0.77762616,
          2.900111,
          1
        ]
      },
      {
        "date" : 715251822.687985,
        "title" : "Untitled",
        "transform" : [
          0.9861649,
          1.04161835e-08,
          -0.16576718,
          0,
          -0.0580525,
          0.93667305,
          -0.3453599,
          0,
          0.15526974,
          0.35020506,
          0.92371404,
          0,
          0.4845029,
          0.8841359,
          2.8823535,
          1
        ]
      },
      {
        "date" : 715251815.133181,
        "title" : "Untitled",
        "transform" : [
          0.2948709,
          9.991059e-09,
          -0.95553696,
          0,
          -0.5133079,
          0.8434593,
          -0.15840267,
          0,
          0.8059566,
          0.5371931,
          0.24871156,
          0,
          2.5563302,
          1.4721665,
          0.78886265,
          1
        ]
      },
      {
        "date" : 715228860.977449,
        "title" : "Untitled",
        "transform" : [
          -0.19221236,
          -5.2984284e-11,
          -0.98135334,
          0,
          -0.69747436,
          0.7034679,
          0.13661051,
          0,
          0.6903506,
          0.71072704,
          -0.13521522,
          0,
          2.2400327,
          2.02834,
          -0.43874303,
          1
        ]
      },
      {
        "date" : 715228416.365056,
        "title" : "Untitled",
        "transform" : [
          1,
          0,
          0,
          0,
          0,
          0.86099094,
          -0.50862026,
          0,
          0,
          0.50862026,
          0.86099094,
          0,
          0,
          1.3816696,
          2.7231221,
          1
        ]
      }
    ],
    "B98020C1-DEF1-4428-8FCE-525B8276199D" : [
      {
        "date" : 715786564.79944,
        "title" : "Untitled",
        "transform" : [
          0.9999902,
          -7.2501384e-06,
          0.0044148834,
          0,
          -0.003980342,
          0.43114746,
          0.90227276,
          0,
          -0.0019100071,
          -0.90228146,
          0.4311432,
          0,
          -0.2766661,
          -10.287307,
          6.771397,
          1
        ]
      },
      {
        "date" : 715786558.26095,
        "title" : "Untitled",
        "transform" : [
          0.9999902,
          -7.2501384e-06,
          0.0044148834,
          0,
          -0.003980342,
          0.43114746,
          0.90227276,
          0,
          -0.0019100071,
          -0.90228146,
          0.4311432,
          0,
          -0.27499184,
          -9.496426,
          6.393483,
          1
        ]
      },
      {
        "date" : 715786555.645436,
        "title" : "Untitled",
        "transform" : [
          0.9999902,
          -7.2501384e-06,
          0.0044148834,
          0,
          -0.003980342,
          0.43114746,
          0.90227276,
          0,
          -0.0019100071,
          -0.90228146,
          0.4311432,
          0,
          0.8387698,
          -9.517283,
          6.354768,
          1
        ]
      },
      {
        "date" : 715786549.333788,
        "title" : "Untitled",
        "transform" : [
          0.9999902,
          -7.2501384e-06,
          0.0044148834,
          0,
          -0.003980342,
          0.43114746,
          0.90227276,
          0,
          -0.0019100071,
          -0.90228146,
          0.4311432,
          0,
          0.5276556,
          -2.8311694,
          1.9457994,
          1
        ]
      },
      {
        "date" : 715786532.665363,
        "title" : "Untitled",
        "transform" : [
          0.9999902,
          -7.2501384e-06,
          0.0044148834,
          0,
          -0.003980342,
          0.43114746,
          0.90227276,
          0,
          -0.0019100071,
          -0.90228146,
          0.4311432,
          0,
          1.2541976,
          -2.8242896,
          1.9634151,
          1
        ]
      },
      {
        "date" : 715786523.583719,
        "title" : "Untitled",
        "transform" : [
          0.9999902,
          -7.2501384e-06,
          0.0044148834,
          0,
          -0.003980342,
          0.43114746,
          0.90227276,
          0,
          -0.0019100071,
          -0.90228146,
          0.4311432,
          0,
          0.089634836,
          -2.9011903,
          1.797322,
          1
        ]
      },
      {
        "date" : 715786515.924396,
        "title" : "Untitled",
        "transform" : [
          0.99998903,
          -1.7890563e-06,
          0.0046927244,
          0,
          -0.004484445,
          0.29424924,
          0.95571816,
          0,
          -0.0013825404,
          -0.9557287,
          0.294246,
          0,
          0.3462991,
          -2.9011953,
          1.7985117,
          1
        ]
      },
      {
        "date" : 715786513.79476,
        "title" : "Untitled",
        "transform" : [
          0.99998903,
          -1.7890563e-06,
          0.0046927244,
          0,
          -0.004484445,
          0.29424924,
          0.95571816,
          0,
          -0.0013825404,
          -0.9557287,
          0.294246,
          0,
          0.24255627,
          -8.967043,
          5.3939743,
          1
        ]
      },
      {
        "date" : 715786502.258658,
        "title" : "Untitled",
        "transform" : [
          0.99998903,
          -1.7890563e-06,
          0.0046927244,
          0,
          -0.004484445,
          0.29424924,
          0.95571816,
          0,
          -0.0013825404,
          -0.9557287,
          0.294246,
          0,
          0.06904581,
          -6.523838,
          3.730592,
          1
        ]
      },
      {
        "date" : 715786494.532488,
        "title" : "Untitled",
        "transform" : [
          0.9999668,
          -0.0018744187,
          -0.007922118,
          0,
          0.008108619,
          0.31583473,
          0.9487796,
          0,
          0.00072366954,
          -0.9488123,
          0.31583944,
          0,
          0.06904581,
          -6.523838,
          3.730592,
          1
        ]
      }
    ],
    "CA52FEF9-026C-4072-A9CC-5A3337F14C57" : [
      {
        "date" : 715770986.927771,
        "title" : "Untitled",
        "transform" : [
          -0.99911135,
          -0.0021462666,
          -0.042092733,
          0,
          -0.041543122,
          0.21865037,
          0.9749185,
          0,
          0.0071111633,
          0.9758008,
          -0.21854521,
          0,
          15.75046,
          17.188192,
          -10.468646,
          1
        ]
      },
      {
        "date" : 715770976.689455,
        "title" : "Untitled",
        "transform" : [
          0.92826486,
          -0.0021462673,
          -0.37191412,
          0,
          -0.37161878,
          0.0349021,
          -0.9277291,
          0,
          0.014971718,
          0.99938846,
          0.03160077,
          0,
          -11.306455,
          18.945435,
          12.897215,
          1
        ]
      },
      {
        "date" : 715590739.208083,
        "title" : "Untitled",
        "transform" : [
          0.9901648,
          7.3022477e-09,
          -0.13990596,
          0,
          0.08201083,
          0.8101771,
          0.58042,
          0,
          0.11334858,
          -0.5861852,
          0.8022088,
          0,
          2.1656342,
          -18.92446,
          17.021267,
          1
        ]
      },
      {
        "date" : 715590708.758592,
        "title" : "Untitled",
        "transform" : [
          0.9901648,
          7.3022477e-09,
          -0.13990596,
          0,
          0.08201083,
          0.8101771,
          0.58042,
          0,
          0.11334858,
          -0.5861852,
          0.8022088,
          0,
          3.111683,
          -19.727745,
          17.715906,
          1
        ]
      },
      {
        "date" : 715590698.006158,
        "title" : "Untitled",
        "transform" : [
          0.9901647,
          7.302247e-09,
          -0.13990594,
          0,
          0.08201083,
          0.8101771,
          0.58042,
          0,
          0.11334858,
          -0.5861852,
          0.8022088,
          0,
          3.1309123,
          -19.727745,
          17.71319,
          1
        ]
      },
      {
        "date" : 715590684.474121,
        "title" : "Untitled",
        "transform" : [
          0.9295989,
          8.243201e-09,
          -0.36857262,
          0,
          0.2729363,
          0.67203176,
          0.6883888,
          0,
          0.2476925,
          -0.7405223,
          0.62472,
          0,
          4.9558544,
          -22.060415,
          14.254551,
          1
        ]
      },
      {
        "date" : 715590674.211205,
        "title" : "Untitled",
        "transform" : [
          0.89235115,
          3.798585e-09,
          -0.45134166,
          0,
          0.40701583,
          0.4321726,
          0.8047142,
          0,
          0.19505751,
          -0.9017909,
          0.3856497,
          0,
          3.3117142,
          -23.997028,
          9.134712,
          1
        ]
      },
      {
        "date" : 715590668.329565,
        "title" : "Untitled",
        "transform" : [
          0.99535686,
          2.9826817e-09,
          0.09625316,
          0,
          -0.082028024,
          0.5231982,
          0.8482542,
          0,
          -0.050359458,
          -0.8522111,
          0.5207689,
          0,
          1.029531,
          -23.555887,
          9.812974,
          1
        ]
      },
      {
        "date" : 715590658.999661,
        "title" : "Untitled",
        "transform" : [
          0.9949637,
          3.258951e-09,
          0.10023585,
          0,
          -0.08884159,
          0.46306306,
          0.8818616,
          0,
          -0.04641551,
          -0.88632536,
          0.4607309,
          0,
          1.1459272,
          -23.89508,
          8.434217,
          1
        ]
      },
      {
        "date" : 715590649.558482,
        "title" : "Untitled",
        "transform" : [
          0.9965377,
          -6.435931e-10,
          0.08314258,
          0,
          0.00032079726,
          0.9999926,
          -0.0038450325,
          0,
          -0.08314195,
          0.0038583914,
          0.99653023,
          0,
          -0.073929146,
          -9.312194,
          23.9254,
          1
        ]
      }
    ],
    "D66134B1-3681-4A8E-AFE5-29F257229F3B" : [
      {
        "date" : 715772141.325681,
        "title" : "Untitled",
        "transform" : [
          -0.99207175,
          1.2563435e-09,
          -0.12567312,
          0,
          -0.031025665,
          0.9690471,
          0.24491861,
          0,
          0.12178317,
          0.24687591,
          -0.9613642,
          0,
          0.04915115,
          0.14803557,
          -0.47028583,
          1
        ]
      },
      {
        "date" : 715771202.509841,
        "title" : "Untitled",
        "transform" : [
          -0.9801961,
          -3.3512058e-09,
          -0.19802883,
          0,
          -0.037303455,
          0.98209745,
          0.18464318,
          0,
          0.19448365,
          0.18837373,
          -0.96264815,
          0,
          -1.5906115,
          1.0020351,
          -4.8484564,
          1
        ]
      },
      {
        "date" : 715771164.423485,
        "title" : "Untitled",
        "transform" : [
          -0.9801961,
          -3.3512058e-09,
          -0.19802883,
          0,
          -0.037303455,
          0.98209745,
          0.18464318,
          0,
          0.19448365,
          0.18837373,
          -0.96264815,
          0,
          -2.0101693,
          0.4941445,
          -3.35513,
          1
        ]
      },
      {
        "date" : 715771162.164634,
        "title" : "Untitled",
        "transform" : [
          -0.9801961,
          -3.3512058e-09,
          -0.19802883,
          0,
          -0.037303455,
          0.98209745,
          0.18464318,
          0,
          0.19448365,
          0.18837373,
          -0.96264815,
          0,
          -1.6059085,
          0.39476812,
          -2.680387,
          1
        ]
      },
      {
        "date" : 715771158.243389,
        "title" : "Untitled",
        "transform" : [
          -0.9801961,
          -3.3512058e-09,
          -0.19802883,
          0,
          -0.037303455,
          0.98209745,
          0.18464318,
          0,
          0.19448365,
          0.18837373,
          -0.96264815,
          0,
          -0.6064641,
          0.1490824,
          -1.0122364,
          1
        ]
      },
      {
        "date" : 715771148.693645,
        "title" : "Untitled",
        "transform" : [
          -0.9801961,
          -3.3512058e-09,
          -0.19802883,
          0,
          -0.037303455,
          0.98209745,
          0.18464318,
          0,
          0.19448365,
          0.18837373,
          -0.96264815,
          0,
          -0.6064641,
          0.1490824,
          -1.0122364,
          1
        ]
      },
      {
        "date" : 715259287.758928,
        "title" : "Untitled",
        "transform" : [
          -0.9801961,
          -3.3512058e-09,
          -0.19802883,
          0,
          -0.037303455,
          0.98209745,
          0.18464318,
          0,
          0.19448365,
          0.18837373,
          -0.96264815,
          0,
          -0.24365091,
          0.059894864,
          -0.40667278,
          1
        ]
      },
      {
        "date" : 715259278.662716,
        "title" : "Untitled",
        "transform" : [
          0.62504184,
          -3.0439478e-09,
          -0.78059125,
          0,
          -0.20520708,
          0.9648267,
          -0.16431524,
          0,
          0.75313526,
          0.26288676,
          0.6030571,
          0,
          0.4326999,
          0.08711894,
          -0.006009627,
          1
        ]
      },
      {
        "date" : 715259269.554191,
        "title" : "Untitled",
        "transform" : [
          0.9986538,
          -5.6302984e-09,
          0.05186783,
          0,
          0.003443069,
          0.9977942,
          -0.066292964,
          0,
          -0.05175333,
          0.0663823,
          0.99645114,
          0,
          -0.0017992947,
          0.032687105,
          0.4443339,
          1
        ]
      },
      {
        "date" : 715259263.25534,
        "title" : "Untitled",
        "transform" : [
          0.99360937,
          -5.38824e-09,
          0.11287321,
          0,
          0.003188407,
          0.9996009,
          -0.028067505,
          0,
          -0.112828076,
          0.028247993,
          0.9932129,
          0,
          -0.030360106,
          0.01495431,
          0.4447691,
          1
        ]
      }
    ],
    "E9FAD291-AFC4-4F61-93DC-B379F4BB7146" : [
      {
        "date" : 722393579.83357,
        "title" : "Untitled",
        "transform" : [
          0.99999994,
          0,
          0,
          0,
          0,
          0.8660254,
          -0.49999988,
          0,
          0,
          0.49999988,
          0.8660254,
          0,
          0,
          0.40060768,
          0.69387203,
          1
        ]
      },
      {
        "date" : 722393570.697585,
        "title" : "Untitled",
        "transform" : [
          0.99999994,
          0,
          0,
          0,
          0,
          0.8660254,
          -0.49999988,
          0,
          0,
          0.49999988,
          0.8660254,
          0,
          0,
          0.96465045,
          1.6708233,
          1
        ]
      },
      {
        "date" : 722393548.167583,
        "title" : "Untitled",
        "transform" : [
          0.99999994,
          0,
          -0,
          0,
          -0,
          0.8660254,
          -0.49999988,
          0,
          0,
          0.49999988,
          0.8660254,
          0,
          0,
          0.22659189,
          0.3924687,
          1
        ]
      }
    ]
  },
  "selectedSceneRelativePath" : "tatami-room.usda"
}